press_gradient,viscosity,velosity
-5214236700.697288,0.2,-5.204444774318406e-05
-4986835625.60093,0.2,-4.977471925609455e-05
-4551614530.571453,0.2,-4.5430628289037574e-05
-4153138764.489975,0.2,-4.145330072956691e-05
-3787049164.1136,0.2,-3.779922859995057e-05
-3449824239.1329446,0.2,-3.443326444538481e-05
-3138586147.5069485,0.2,-3.132668487316863e-05
-2850955152.7172737,0.2,-2.845573794153026e-05
-2584939119.993165,0.2,-2.5800540242767392e-05
-2338848764.018729,0.2,-2.3344230993313292e-05
-2111232122.79783,0.2,-2.10723180079534e-05
-1900823600.188721,0.2,-1.8972169075376225e-05
-1706504202.6779652,0.2,-1.7032615056208318e-05
-1527270491.2219903,0.2,-1.5243639958137548e-05
-1362210405.685095,0.2,-1.3596139595230686e-05
-1210484584.8703942,0.2,-1.20817350816414e-05
-1071312156.5470676,0.2,-1.0692630915009942e-05
-943960232.9659685,0.2,-9.4215100116941e-06
-827736484.782463,0.2,-8.261459438278676e-06
-721984040.7089442,0.2,-7.205919362558264e-06
-626077262.1664051,0.2,-6.248640847793891e-06
-539415173.2896547,0.2,-5.383620553181436e-06
-461406004.8289243,0.2,-4.604947248506963e-06
-391431796.7898091,0.2,-3.90644940741088e-06
-328779573.3392248,0.2,-3.2810061525536024e-06
-272534610.3406083,0.2,-2.7194648170252735e-06
-236830549.02508575,0.07861271474266325,-8.05518106394399e-06
-225150824.99855104,0.002,-0.00022466744218235644
-219973818.8449638,0.002,-0.0002195214022412557
-214955539.8495849,0.002,-0.00021452306808349408
-210103160.15725583,0.002,-0.0002096853725272613
-205419515.51668626,0.002,-0.00020501358199940387
-200902082.9468835,0.002,-0.0002005063334952012
-196545465.91937077,0.002,-0.00019615883942328415
-192343002.85664853,0.002,-0.00019196478107199875
-188287612.92269826,0.002,-0.0001879172807298747
-184372221.2074194,0.002,-0.00018400938846921657
-180589966.2301196,0.002,-0.0001802343220545444
-176934295.07518372,0.002,-0.00017658905434020627
-173399000.29809493,0.002,-0.00017308406622778261
