press_gradient,viscosity,velosity
-2389381800.0362988,0.2,-2.389290819698836e-05
-1695080274.437111,0.2,-1.6950157309742803e-05
-710243739.9320432,0.2,-7.102166960267338e-06
-297914938.0380557,0.2,-2.9790359435007708e-06
-124976704.56227374,0.2,-1.2497194583231413e-06
-52313917.192352295,0.2,-5.231192523868434e-07
-21712673.143550053,0.2,-2.1711846391488083e-07
-8758338.508287327,0.2,-8.758005017593993e-08
-3166588.3289836347,0.2,-3.1664677550030386e-08
-532852.0667145494,0.19978451202290035,-5.328317773405991e-09
403554.6057524043,0.002,4.0354692269099136e-07
447128.36943072034,0.002,4.471283694307175e-07
486215.77208832605,0.002,4.862157720883264e-07
521370.14376965817,0.002,5.213701437696586e-07
553064.6084010368,0.002,5.530646084010373e-07
581705.6299694814,0.002,5.817056299694818e-07
607643.9280272461,0.002,6.076439280272482e-07
631183.3393434063,0.002,6.311833393434093e-07
652588.0623098346,0.002,6.525880623098307e-07
672088.6177020147,0.002,6.72088617702013e-07
689886.7829437368,0.002,6.898867829437378e-07
706159.6997383167,0.002,7.061596997383151e-07
721063.3116224781,0.002,7.210633116224798e-07
734735.2549643838,0.002,7.347352549643827e-07
747297.3015615717,0.002,7.47297301561573e-07
758857.4313502759,0.002,7.5885743135028e-07
769511.5983880823,0.002,7.69511598388083e-07
779345.2412543702,0.002,7.793452412543692e-07
788434.579501627,0.002,7.884345795016228e-07
796847.7302240208,0.002,7.968477302240198e-07
804645.6727590994,0.002,8.046456727590984e-07
811883.0846744822,0.002,8.118830846744813e-07
818609.0682685608,0.002,8.18609068268563e-07
824867.7836039569,0.002,8.24867783603956e-07
830699.0014910116,0.002,8.306990014910123e-07
836138.5876983986,0.002,8.361385876984022e-07
841218.9278954756,0.002,8.412189278954778e-07
845969.3013847573,0.002,8.459693013847551e-07
850416.2104595453,0.002,8.504162104595417e-07
854583.6712133023,0.002,8.545836712133017e-07
