press_gradient,viscosity,velosity
-5098941486.956149,0.2,-5.0906725132365466e-05
-4817652736.887012,0.2,-4.809842453524185e-05
-4278591996.628057,0.2,-4.2716531112668855e-05
-3784339712.229576,0.2,-3.778198321057673e-05
-3330918108.075047,0.2,-3.3255072769634305e-05
-2915169266.577406,0.2,-2.9104275749688672e-05
-2534536879.674805,0.2,-2.5304073833507203e-05
-2186902229.503369,0.2,-2.183331723767091e-05
-1870459727.3934019,0.2,-1.867398224773175e-05
-1583621442.2635808,0.2,-1.5810217996738624e-05
-1324941770.4340146,0.2,-1.3227594148249198e-05
-1093052498.393583,0.2,-1.0912452115459118e-05
-886594799.3966407,0.2,-8.851225365829424e-06
-704130496.8075315,0.2,-7.029552344463196e-06
-544022624.3612887,0.2,-5.431082467035744e-06
-404340373.3717091,0.2,-4.0365251594727525e-06
-307766384.86070466,0.14464261497488512,-5.889688049977332e-06
-271709264.77305216,0.002,-0.00027156188231603737
-262939387.71694154,0.002,-0.0002629136747765875
-254574659.35820433,0.002,-0.00025455218151553027
-246632996.00902757,0.002,-0.0002466133198740328
-239090087.04743254,0.002,-0.00023907296715461242
-231917472.01776317,0.002,-0.00023190268703711644
-225088409.31934118,0.002,-0.00022507573277455036
-218578510.9636141,0.002,-0.00021856771670260628
-212365579.56034875,0.002,-0.00021235645172089032
-206429373.90151992,0.002,-0.00020642171385429098
-200751402.7153626,0.002,-0.0002007450323421708
-195314748.50626755,0.002,-0.00019530951081353056
-190103913.92738092,0.002,-0.00019009967206960914
-185104685.41778532,0.002,-0.0001851013209194839
-180304011.0500101,0.002,-0.00018030142166358164
-175689890.7087287,0.002,-0.00017568793828479358
-171251277.26549375,0.002,-0.00017124981417868527
-166977987.66383156,0.002,-0.00016697690121690438
-162860622.95731622,0.002,-0.00016285982637210479
-158890496.42643052,0.002,-0.00015888992236365537
-155059568.9683617,0.002,-0.00015505916480907018
-151360391.0184689,0.002,-0.00015136011538982775
-147786050.32544583,0.002,-0.00014778587051656345
